4	2010-10-11T20:30:23Z	37.7826046833	-122.4076080167	14608
4	2010-10-02T18:58:55Z	37.7868705523	-122.4549742274	640452
4	2010-09-29T20:29:54Z	37.7826583333	-122.4063205667	166197
4	2010-09-15T19:41:45Z	37.7855207387	-122.3969757557	26645
4	2010-08-29T01:40:49Z	37.77985	-122.4944372333	102499
4	2010-08-24T01:49:35Z	37.778430867	-122.3893941	1582288
4	2010-08-24T01:47:16Z	37.7783555476	-122.3894011974	10677
4	2010-08-19T20:09:11Z	37.784282779	-122.4091100693	36365
4	2010-08-16T20:21:53Z	37.7854578538	-122.4128821943	260236
4	2010-08-15T01:03:46Z	39.3280367	-120.2401895	167388
4	2010-08-13T16:42:47Z	37.7864788714	-122.403563261	57155
4	2010-08-13T02:06:58Z	37.7606275833	-122.5040394667	1088373
4	2010-08-08T17:57:02Z	37.8734475518	-122.4557214975	42783
4	2010-08-07T22:39:51Z	37.69842287	-122.4819520238	84898
4	2010-08-05T19:42:40Z	37.7818407155	-122.4100327492	32140
4	2010-08-04T04:01:02Z	37.7602741324	-122.5104010105	992976
4	2010-08-01T01:47:51Z	37.7602741324	-122.5104010105	992976
4	2010-07-31T19:22:03Z	37.04969225	-122.0656482833	86479
4	2010-07-30T23:47:38Z	37.7864788714	-122.403563261	57155
4	2010-07-30T23:47:13Z	37.786591218	-122.403858304	152880
4	2010-07-28T20:09:02Z	37.7864788714	-122.403563261	57155
4	2010-07-27T15:10:38Z	37.7602741324	-122.5104010105	992976
4	2010-07-18T19:41:40Z	37.76396755	-122.46632515	36076
4	2010-07-17T19:20:32Z	37.7528167	-122.5055401667	104960
4	2010-07-16T20:02:22Z	37.7837146673	-122.3985099792	422825
4	2010-07-16T15:26:10Z	37.7602741324	-122.5104010105	992976
4	2010-07-16T01:47:15Z	37.7711144167	-122.4865754167	63176
4	2010-07-15T16:06:55Z	37.7864788714	-122.403563261	57155
4	2010-07-11T20:05:17Z	37.7651470833	-122.4662586833	107225
4	2010-07-10T20:01:35Z	37.7082019	-122.3997329	170040
4	2010-07-09T20:43:13Z	37.61467	-122.3851	1364814
4	2010-07-09T19:57:52Z	37.7874355361	-122.3991628813	55485
4	2010-07-06T16:13:23Z	37.7864788714	-122.403563261	57155
4	2010-07-04T16:43:56Z	37.7021771324	-122.46910737	44705
4	2010-07-02T19:19:59Z	37.7902877066	-122.3895693678	879598
4	2010-07-02T17:47:02Z	37.7899020612	-122.3899242939	89485
4	2010-07-01T20:12:48Z	37.7864788714	-122.403563261	57155
4	2010-06-30T20:57:10Z	37.7826046833	-122.4076080167	14608
4	2010-06-30T19:32:09Z	37.7825583	-122.4001254333	210176
4	2010-06-30T16:15:31Z	37.7864788714	-122.403563261	57155
4	2010-06-30T01:21:14Z	37.8007900667	-122.4100112833	10191
4	2010-06-29T21:54:54Z	37.7864788714	-122.403563261	57155
4	2010-06-28T17:47:53Z	37.7864788714	-122.403563261	57155
4	2010-06-28T14:53:33Z	37.7602741324	-122.5104010105	992976
4	2010-06-26T21:24:44Z	21.3331932881	-157.9205703735	28457
4	2010-06-26T18:46:39Z	21.9779116414	-159.3494796753	34954
4	2010-06-26T04:29:23Z	22.223603717	-159.46730375	1320020
4	2010-06-24T22:38:09Z	22.2125465	-159.4981578167	369919
4	2010-06-24T22:32:56Z	22.2130263667	-159.4963583167	603934
4	2010-06-24T21:58:57Z	22.223603717	-159.46730375	1320020
4	2010-06-24T17:27:40Z	22.223603717	-159.46730375	1320020
4	2010-06-23T22:33:43Z	22.2035827637	-159.4939804077	705172
4	2010-06-23T22:22:51Z	22.2125465	-159.4981578167	369919
4	2010-06-23T22:22:23Z	22.2130263667	-159.4963583167	603934
4	2010-06-23T22:07:05Z	22.223603717	-159.46730375	1320020
4	2010-06-22T01:43:14Z	22.22357425	-159.4652804167	292646
4	2010-06-20T00:30:18Z	21.9779116414	-159.3494796753	34954
4	2010-06-19T22:34:34Z	21.3331932881	-157.9205703735	28457
4	2010-06-19T15:37:36Z	37.6163560649	-122.3861503601	19542
4	2010-06-17T19:45:26Z	37.7914265	-122.4041966	125844
4	2010-06-17T18:03:07Z	37.7864788714	-122.403563261	57155
4	2010-06-16T22:52:02Z	37.7864788714	-122.403563261	57155
4	2010-06-16T16:07:12Z	37.7864788714	-122.403563261	57155
4	2010-06-15T23:08:58Z	37.7864788714	-122.403563261	57155
4	2010-06-15T19:18:54Z	37.7864788714	-122.403563261	57155
4	2010-06-14T23:56:14Z	37.7864788714	-122.403563261	57155
4	2010-06-14T18:11:41Z	37.7864788714	-122.403563261	57155
4	2010-06-13T04:42:40Z	37.77960855	-122.39513925	25818
4	2010-06-13T03:25:46Z	37.7783555476	-122.3894011974	10677
4	2010-06-13T00:26:16Z	37.7777365104	-122.3888969421	1127338
4	2010-06-13T00:24:44Z	37.7766187	-122.3900647833	17313
4	2010-06-13T00:22:32Z	37.7783555476	-122.3894011974	10677
4	2010-06-12T15:27:01Z	37.7711144167	-122.4865754167	63176
4	2010-06-11T19:28:37Z	37.7864788714	-122.403563261	57155
4	2010-06-11T16:24:21Z	37.786591218	-122.403858304	152880
4	2010-06-11T03:19:56Z	37.7602741324	-122.5104010105	992976
4	2010-06-10T22:48:35Z	37.786591218	-122.403858304	152880
4	2010-06-10T22:39:26Z	37.7864788714	-122.403563261	57155
4	2010-06-09T22:40:11Z	37.7864788714	-122.403563261	57155
4	2010-06-09T17:37:26Z	37.7864788714	-122.403563261	57155
4	2010-06-09T02:27:52Z	37.7602741324	-122.5104010105	992976
4	2010-06-09T00:03:58Z	37.7864788714	-122.403563261	57155
4	2010-06-08T16:46:54Z	37.7864788714	-122.403563261	57155
4	2010-06-07T19:42:11Z	37.78751957	-122.39843881	566246
4	2010-06-07T18:04:19Z	37.7864788714	-122.403563261	57155
4	2010-06-07T16:18:36Z	37.7831295924	-122.4038743973	1221889
4	2010-06-05T15:02:44Z	37.7711144167	-122.4865754167	63176
4	2010-06-04T17:13:28Z	37.7864788714	-122.403563261	57155
4	2010-06-03T16:28:28Z	37.786591218	-122.403858304	152880
4	2010-06-03T14:54:16Z	37.7602741324	-122.5104010105	992976
4	2010-06-02T16:22:32Z	37.7864788714	-122.403563261	57155
4	2010-06-02T15:17:22Z	37.7602741324	-122.5104010105	992976
4	2010-05-31T22:18:34Z	37.7871813085	-122.3988299297	70354
4	2010-05-31T19:55:02Z	37.7602741324	-122.5104010105	992976
4	2010-05-31T15:29:00Z	37.7700023476	-122.4469506741	10344
4	2010-05-31T15:27:14Z	37.7703331833	-122.4458891333	41989
4	2010-05-31T03:09:38Z	37.8196620833	-122.4785041667	10377
4	2010-05-31T03:08:32Z	37.8326611755	-122.4799190462	10555
4	2010-05-30T22:58:53Z	37.7360349667	-122.5033271	37083
4	2010-05-30T16:39:06Z	37.76041745	-122.5090599	10024
4	2010-05-30T00:05:09Z	37.7528167	-122.5055401667	104960
4	2010-05-28T18:56:27Z	37.7874562167	-122.4035245667	104802
4	2010-05-28T18:26:01Z	37.7864788714	-122.403563261	57155
4	2010-05-28T18:21:28Z	37.7874543	-122.40356796	854358
4	2010-05-27T23:44:38Z	37.7870642762	-122.4042386763	255599
4	2010-05-27T21:19:59Z	37.7864788714	-122.403563261	57155
4	2010-05-27T19:49:57Z	37.7873112281	-122.4001086978	70280
4	2010-05-27T19:42:15Z	37.7874562167	-122.4035245667	104802
4	2010-05-27T19:27:32Z	37.7867671567	-122.4030697346	55449
4	2010-05-27T17:11:36Z	37.786591218	-122.403858304	152880
4	2010-05-27T16:03:39Z	37.7864788714	-122.403563261	57155
4	2010-05-27T04:06:32Z	37.7864788714	-122.403563261	57155
4	2010-05-26T20:30:18Z	37.7864788714	-122.403563261	57155
4	2010-05-26T16:39:57Z	37.7864788714	-122.403563261	57155
4	2010-05-26T14:33:09Z	37.7602741324	-122.5104010105	992976
4	2010-05-26T02:06:46Z	37.7602741324	-122.5104010105	992976
4	2010-05-25T19:22:18Z	37.786591218	-122.403858304	152880
4	2010-05-25T15:43:00Z	37.7864788714	-122.403563261	57155
4	2010-05-25T03:10:28Z	37.7602741324	-122.5104010105	992976
4	2010-05-24T21:07:06Z	37.7864788714	-122.403563261	57155
4	2010-05-24T19:19:05Z	37.78722805	-122.3994559167	33770
4	2010-05-24T19:18:28Z	37.78751957	-122.39843881	566246
4	2010-05-24T16:21:16Z	37.7864788714	-122.403563261	57155
4	2010-05-24T03:32:28Z	37.7602741324	-122.5104010105	992976
4	2010-05-23T20:26:45Z	37.769873014	-122.4668392539	9625
4	2010-05-23T20:26:12Z	37.7709861237	-122.4689340591	9623
4	2010-05-23T20:22:24Z	37.7709861237	-122.4689340591	9623
4	2010-05-23T20:19:27Z	37.7721530833	-122.460066	48239
4	2010-05-23T20:18:55Z	37.7692332	-122.45766845	147859
4	2010-05-23T20:12:20Z	37.7700023476	-122.4469506741	10344
4	2010-05-23T20:09:18Z	37.7697248667	-122.4486152167	139612
4	2010-05-23T19:49:56Z	37.7664063648	-122.4530124664	74104
4	2010-05-23T16:24:25Z	37.7688288667	-122.4984169	10341
4	2010-05-22T19:59:18Z	37.7602741324	-122.5104010105	992976
4	2010-05-22T17:25:55Z	37.7643453808	-122.4381744862	39823
4	2010-05-22T14:38:50Z	37.7602741324	-122.5104010105	992976
4	2010-05-22T04:04:43Z	37.7602741324	-122.5104010105	992976
4	2010-05-22T03:51:29Z	37.7555131333	-122.5105211333	956665
4	2010-05-21T19:54:04Z	37.7914265	-122.4041966	125844
4	2010-05-21T19:35:02Z	37.7864788714	-122.403563261	57155
4	2010-05-21T14:55:52Z	37.7602741324	-122.5104010105	992976
4	2010-05-20T19:27:09Z	37.7873112281	-122.4001086978	70280
4	2010-05-20T19:24:48Z	37.7870512014	-122.4012672901	26522
4	2010-05-20T19:24:14Z	37.7870308167	-122.40119985	21197
4	2010-05-20T19:23:38Z	37.7861691088	-122.4021115454	53896
4	2010-05-20T18:53:45Z	37.78834305	-122.39529325	1092619
4	2010-05-20T18:44:57Z	37.7832313449	-122.4033164978	1136304
4	2010-05-20T18:42:37Z	37.7864788714	-122.403563261	57155
4	2010-05-19T23:38:15Z	37.7864788714	-122.403563261	57155
4	2010-05-19T19:32:38Z	37.7864788714	-122.403563261	57155
4	2010-05-19T16:43:59Z	37.7821200551	-122.4042146406	1104681
4	2010-05-19T16:19:54Z	37.7864788714	-122.403563261	57155
4	2010-05-19T16:17:46Z	37.7832313449	-122.4033164978	1136304
4	2010-05-19T15:05:57Z	37.7602741324	-122.5104010105	992976
4	2010-05-19T03:45:41Z	37.7602741324	-122.5104010105	992976
4	2010-05-19T00:27:38Z	37.7832313449	-122.4033164978	1136304
4	2010-05-18T21:01:01Z	37.7832313449	-122.4037456512	14858
4	2010-05-18T20:44:56Z	37.786591218	-122.403858304	152880
4	2010-05-18T17:59:19Z	37.7864788714	-122.403563261	57155
4	2010-05-17T23:27:06Z	37.786591218	-122.403858304	152880
4	2010-05-17T23:26:52Z	37.7864788714	-122.403563261	57155
4	2010-05-17T20:21:36Z	37.7914265	-122.4041966	125844
4	2010-05-16T21:50:09Z	37.37502045	-122.08955235	808848
4	2010-05-13T18:18:55Z	37.8964499833	-122.51560235	17212
4	2010-05-13T00:23:40Z	37.7864788714	-122.403563261	57155
4	2010-05-11T20:27:51Z	37.787185076	-122.4047335837	125583
4	2010-05-11T19:46:17Z	37.7875205497	-122.4004535816	191196
4	2010-05-11T19:45:35Z	37.7879291296	-122.3999159719	935489
4	2010-05-11T19:39:48Z	37.7873112281	-122.4001086978	70280
4	2010-05-11T19:38:15Z	37.7869672374	-122.3999931933	1065260
4	2010-05-11T01:59:06Z	37.7602741324	-122.5104010105	992976
4	2010-05-10T20:58:26Z	37.7864788714	-122.403563261	57155
4	2010-05-10T19:35:46Z	37.7914265	-122.4041966	125844
4	2010-05-10T17:17:44Z	37.7864788714	-122.403563261	57155
4	2010-05-10T14:53:41Z	37.7602741324	-122.5104010105	992976
4	2010-05-09T01:26:54Z	37.7606275833	-122.5040394667	1088373
4	2010-05-08T22:37:19Z	37.76041745	-122.5090599	10024
4	2010-05-08T22:23:08Z	37.7573095982	-122.4992212098	1085662
4	2010-05-08T16:48:42Z	37.76041745	-122.5090599	10024
4	2010-05-08T16:48:10Z	37.7602741324	-122.5104010105	992976
4	2010-05-08T16:10:21Z	37.76480785	-122.5050722833	74202
4	2010-05-08T04:22:09Z	37.76041745	-122.5090599	10024
4	2010-05-08T03:42:21Z	37.7602741324	-122.5104010105	992976
4	2010-05-08T01:09:17Z	37.7858683812	-122.4031555653	999649
4	2010-05-08T00:46:33Z	37.7874562167	-122.4035245667	104802
4	2010-05-08T00:41:20Z	37.7864788714	-122.403563261	57155
4	2010-05-07T20:57:12Z	37.7873052265	-122.4032949785	45548
4	2010-05-07T20:37:05Z	37.786591218	-122.403858304	152880
4	2010-05-07T20:05:05Z	37.7893447162	-122.4014818668	18449
4	2010-05-07T20:03:58Z	37.7875345124	-122.4004969651	65487
4	2010-05-07T20:01:48Z	37.78722805	-122.3994559167	33770
4	2010-05-07T19:21:51Z	37.7864788714	-122.403563261	57155
4	2010-05-07T17:14:31Z	37.7858663054	-122.4024005482	693413
4	2010-05-07T16:14:49Z	37.7864788714	-122.403563261	57155
4	2010-05-07T15:04:26Z	37.7602741324	-122.5104010105	992976
4	2010-05-07T03:45:20Z	37.7555131333	-122.5105211333	956665
4	2010-05-07T01:48:42Z	37.7602741324	-122.5104010105	992976
4	2010-05-06T23:53:40Z	37.7837146673	-122.3985099792	422825
4	2010-05-06T19:52:33Z	37.7854578538	-122.4128821943	260236
4	2010-05-06T19:28:24Z	37.7861592167	-122.40450745	22787
4	2010-05-06T15:58:46Z	37.7864788714	-122.403563261	57155
4	2010-05-06T15:01:20Z	37.7601953667	-122.5081014167	17428
4	2010-05-06T00:05:39Z	37.7864788714	-122.403563261	57155
4	2010-05-05T19:48:03Z	37.7864788714	-122.403563261	57155
4	2010-05-05T16:01:46Z	37.7874543	-122.40356796	854358
4	2010-05-05T16:01:29Z	37.7864774473	-122.4049837477	628515
4	2010-05-05T15:59:14Z	37.7864788714	-122.403563261	57155
4	2010-05-05T14:52:19Z	37.7607299713	-122.4992572065	537362
4	2010-05-05T03:38:11Z	37.7647580833	-122.50869605	382725
4	2010-05-05T03:24:56Z	37.7529225333	-122.5045489333	915936
4	2010-05-05T03:22:37Z	37.75988355	-122.51093095	662586
4	2010-05-04T19:31:02Z	37.786591218	-122.403858304	152880
4	2010-05-04T16:55:13Z	37.7832313449	-122.4037456512	14858
4	2010-05-04T16:54:52Z	37.7838079397	-122.402973175	1058681
4	2010-05-04T03:56:10Z	37.7555131333	-122.5105211333	956665
4	2010-05-04T03:12:36Z	37.7607299713	-122.4992572065	537362
4	2010-05-04T03:09:20Z	37.7665562833	-122.4971256667	1008313
4	2010-05-04T03:08:13Z	37.7602741324	-122.5104010105	992976
4	2010-05-04T03:07:04Z	37.76041745	-122.5090599	10024
4	2010-05-04T03:06:11Z	37.7528167	-122.5055401667	104960
4	2010-05-04T03:05:09Z	37.7647256667	-122.5001455167	187850
4	2010-05-03T19:52:55Z	37.7914265	-122.4041966	125844
4	2010-05-01T15:03:34Z	37.7711144167	-122.4865754167	63176
4	2010-04-30T17:57:58Z	37.7864788714	-122.403563261	57155
4	2010-04-30T04:52:16Z	37.7603501667	-122.5049837667	18126
5	2010-09-06T18:29:13Z	40.761176868	-73.9868709323	458146
5	2010-09-06T13:54:52Z	40.7637712634	-73.9777493477	490887
5	2010-09-06T04:01:59Z	40.7563951	-73.98525065	906408
5	2010-09-06T00:10:43Z	40.7568352692	-73.985055685	84240
5	2010-08-30T04:26:23Z	40.7563951	-73.98525065	906408
5	2010-08-16T03:47:20Z	40.6438845363	-73.7828063965	23261
5	2010-08-15T22:20:21Z	30.2015573297	-97.6671266556	9410
5	2010-08-14T04:25:47Z	30.2015573297	-97.6671266556	9410
5	2010-08-14T01:15:55Z	40.7862280278	-111.9822263718	34041
5	2010-08-11T19:52:15Z	40.58830065	-111.9321710333	1008183
5	2010-08-11T05:01:40Z	40.7862280278	-111.9822263718	34041
5	2010-08-11T00:43:32Z	33.81299459	-118.16599631	1452430
5	2010-08-07T15:54:36Z	30.285240805	-97.727346514	1573488
5	2010-03-14T20:08:41Z	30.2670597466	-97.7445405722	97009
5	2010-03-10T07:41:11Z	30.2798881558	-97.7198159695	22535
5	2010-03-08T02:13:57Z	30.2798881558	-97.7198159695	22535
5	2010-03-08T01:25:19Z	30.2909130396	-97.7418422699	20501
5	2010-03-07T22:40:19Z	30.2798881558	-97.7198159695	22535
5	2010-03-07T08:53:05Z	30.2798881558	-97.7198159695	22535
5	2010-03-06T20:15:50Z	30.31998968	-97.71172094	570354
5	2010-03-06T18:44:13Z	30.2694643323	-97.7499103546	293641
5	2010-03-06T02:48:11Z	30.2798881558	-97.7198159695	22535
5	2010-03-05T05:33:36Z	30.2798881558	-97.7198159695	22535
5	2010-03-04T15:08:53Z	30.288773012	-97.7285009623	164031
5	2010-03-04T06:36:02Z	30.2798881558	-97.7198159695	22535
5	2010-03-03T18:24:38Z	30.2695755256	-97.7495133877	18568
5	2010-03-03T14:52:51Z	30.2798881558	-97.7198159695	22535
5	2010-03-02T17:48:44Z	30.3132855833	-97.7380871667	184256
5	2010-03-02T15:20:39Z	30.2798881558	-97.7198159695	22535
5	2010-03-02T04:44:25Z	30.3307521333	-97.73175715	14554
5	2010-03-02T00:06:39Z	30.288773012	-97.7285009623	164031
5	2010-03-02T00:06:24Z	30.2883422216	-97.7287691832	96921
5	2010-03-01T01:31:46Z	30.3891670333	-97.7528005	25576
5	2010-02-26T17:18:30Z	32.9214387654	-96.7766225338	39603
5	2010-02-26T01:27:57Z	30.2952108167	-97.7422780333	92540
5	2010-02-25T22:33:43Z	30.3491101484	-97.8007148961	110541
5	2010-02-25T18:13:37Z	30.2838025946	-97.7205750346	41752
5	2010-02-24T18:28:53Z	30.2638211074	-97.763364315	9267
5	2010-02-24T03:11:44Z	30.3079146406	-97.7505500615	11365
5	2010-02-23T19:43:08Z	30.2955357104	-97.7416491508	15255
5	2010-02-23T02:39:04Z	30.3132855833	-97.7380871667	184256
5	2010-02-22T17:41:45Z	30.2883422216	-97.7287691832	96921
5	2010-02-21T03:49:19Z	30.3079146406	-97.7505500615	11365
5	2010-02-20T23:37:50Z	30.2332280333	-97.8285557833	143228
5	2010-02-20T20:05:53Z	30.2798881558	-97.7198159695	22535
5	2010-02-20T19:06:30Z	30.3047132333	-97.7265429333	14697
5	2010-02-20T05:31:52Z	30.2700851599	-97.7360540628	9326
5	2010-02-20T01:15:58Z	30.3011968676	-97.739194894	20345
5	2010-02-19T03:03:11Z	30.2798881558	-97.7198159695	22535
5	2010-02-17T18:07:39Z	30.2724370667	-97.7557640667	92535
7	2010-10-20T18:52:30Z	30.2691029532	-97.7493953705	420315
7	2010-10-20T15:37:34Z	30.2691029532	-97.7493953705	420315
7	2010-10-19T18:41:01Z	30.2679095833	-97.7493124167	21714
7	2010-10-19T15:14:33Z	30.2691029532	-97.7493953705	420315
7	2010-10-19T01:46:04Z	30.27579145	-97.7525719167	59824
7	2010-10-19T00:17:39Z	30.262506	-97.7539873	14190
7	2010-10-18T23:45:05Z	30.2510314833	-97.754092	49904
7	2010-10-18T20:24:42Z	30.2691029532	-97.7493953705	420315
7	2010-10-18T15:08:58Z	30.2691029532	-97.7493953705	420315
7	2010-10-17T23:11:03Z	30.2707337816	-97.7537029982	9241
7	2010-10-17T22:39:26Z	30.2954757167	-97.7842640833	10577
7	2010-10-17T21:47:02Z	30.2726876667	-97.739439	9232
7	2010-10-17T21:42:57Z	30.2738332073	-97.740495801	9234
7	2010-10-17T21:41:37Z	30.2739165986	-97.7408123016	9235
7	2010-10-17T21:40:45Z	30.2741899361	-97.7404904366	9233
7	2010-10-17T21:37:51Z	30.2731081636	-97.7407881618	9237
7	2010-10-17T21:35:30Z	30.2731799732	-97.7410429716	9236
7	2010-10-17T21:00:00Z	30.2742918584	-97.7405226231	5535878
7	2010-10-17T16:11:21Z	30.2586150344	-97.7287733474	788233
7	2010-10-17T01:55:44Z	30.2649359333	-97.7309305667	1328318
7	2010-10-16T03:35:22Z	30.2444426402	-97.7519488335	13299
7	2010-10-15T22:26:29Z	30.2691029532	-97.7493953705	420315
7	2010-10-15T18:58:59Z	30.2691029532	-97.7493953705	420315
7	2010-10-15T04:57:48Z	30.2648496997	-97.7312850952	20456
7	2010-10-15T02:41:55Z	30.2878499833	-97.7480927833	537349
7	2010-10-14T23:49:27Z	30.2638149167	-97.728796	11405
7	2010-10-14T22:41:59Z	30.2691029532	-97.7493953705	420315
7	2010-10-14T20:05:55Z	30.2679095833	-97.7493124167	21714
7	2010-10-14T15:10:44Z	30.2691029532	-97.7493953705	420315
7	2010-10-13T15:51:16Z	30.2691029532	-97.7493953705	420315
7	2010-10-13T03:02:34Z	30.2878499833	-97.7480927833	537349
7	2010-10-13T00:10:34Z	30.2586150344	-97.7287733474	788233
7	2010-10-12T22:17:03Z	30.2666751927	-97.7454793453	492127
7	2010-10-12T20:14:31Z	30.2691029532	-97.7493953705	420315
7	2010-10-12T19:43:25Z	30.2679095833	-97.7493124167	21714
7	2010-10-12T19:42:58Z	30.2680373406	-97.7493202686	9371
7	2010-10-12T15:36:47Z	30.2691029532	-97.7493953705	420315
7	2010-10-12T00:36:19Z	30.2689060374	-97.7282747187	46556
7	2010-10-11T19:54:16Z	30.2679095833	-97.7493124167	21714
7	2010-10-11T14:45:24Z	30.2691029532	-97.7493953705	420315
7	2010-10-11T01:38:05Z	30.2910110167	-97.7215027167	149640
7	2010-10-11T00:10:05Z	30.5572166774	-97.689871788	12043
7	2010-10-10T20:45:45Z	30.5572166774	-97.689871788	12043
7	2010-10-10T03:12:52Z	30.262421834	-97.7243435383	592536
7	2010-10-09T21:19:42Z	30.3073646792	-97.7399325371	9430
7	2010-10-09T20:03:54Z	30.2693531389	-97.7295362949	1502186
7	2010-10-09T18:49:36Z	30.2015573297	-97.6671266556	9410
7	2010-10-09T04:46:20Z	30.2685191842	-97.7361774445	9227
7	2010-10-09T01:43:01Z	30.2691029532	-97.7493953705	420315
7	2010-10-08T20:31:42Z	30.2691029532	-97.7493953705	420315
7	2010-10-08T18:46:01Z	30.26766669	-97.7709388733	9262
7	2010-10-08T15:07:44Z	30.2691029532	-97.7493953705	420315
7	2010-10-08T06:05:28Z	30.267601826	-97.7442133427	689835
7	2010-10-08T05:36:11Z	30.26385355	-97.744061917	1563693
7	2010-10-08T05:00:11Z	30.2662396721	-97.7459084988	9225
7	2010-10-08T02:49:32Z	30.265405691	-97.7477914095	46946
7	2010-10-08T02:13:14Z	30.2666751927	-97.7454793453	492127
7	2010-10-07T23:14:27Z	30.2668906357	-97.7456858754	9223
7	2010-10-07T15:23:19Z	30.2691029532	-97.7493953705	420315
7	2010-10-07T00:24:13Z	30.2690473563	-97.7432477474	14044
7	2010-10-06T22:12:17Z	30.2691029532	-97.7493953705	420315
7	2010-10-06T19:35:06Z	30.2679095833	-97.7493124167	21714
7	2010-10-06T16:07:09Z	30.2691029532	-97.7493953705	420315
7	2010-10-05T18:14:16Z	30.2691029532	-97.7493953705	420315
7	2010-10-05T01:03:56Z	30.255337127	-97.7626669407	43638
7	2010-10-05T00:05:04Z	30.2707337816	-97.7537029982	9241
7	2010-10-04T14:50:14Z	30.2691029532	-97.7493953705	420315
7	2010-10-03T21:04:20Z	30.2707337816	-97.7537029982	9241
7	2010-10-03T18:02:20Z	30.260606246	-97.727982759	4888138
7	2010-10-03T17:40:04Z	30.2633207073	-97.7312529087	73680
7	2010-10-03T04:54:21Z	30.2648496997	-97.7312850952	20456
7	2010-10-03T01:10:48Z	30.26379	-97.7248	202653
7	2010-10-02T23:11:36Z	30.2634181234	-97.7575966669	16516
7	2010-10-02T01:05:08Z	30.2558143993	-97.7634179592	4256132
7	2010-10-02T01:03:23Z	30.2557309927	-97.7633857727	316637
8	2010-10-20T06:22:17Z	37.7794153515	-122.4235334158	192704
8	2010-10-18T20:38:01Z	37.7824051	-122.4210211	33509
8	2010-10-17T19:15:09Z	37.76493425	-122.4318415167	86709
8	2010-10-17T18:43:28Z	37.7841512508	-122.4178530281	62836
8	2010-10-17T05:41:32Z	37.7794153515	-122.4235334158	192704
8	2010-10-17T04:33:31Z	37.7854757333	-122.4165920667	397330
8	2010-10-14T23:22:16Z	37.779314998	-122.391906788	1374493
8	2010-10-14T03:09:23Z	37.7784672	-122.3932231667	27884
8	2010-10-13T22:07:37Z	37.3529326667	-121.9768102167	61498
8	2010-10-13T02:42:10Z	37.779314998	-122.391906788	1374493
8	2010-10-12T18:53:25Z	37.4475389046	-122.1600002142	53491
8	2010-10-12T04:37:03Z	37.7794153515	-122.4235334158	192704
8	2010-10-11T05:56:00Z	37.7854757333	-122.4165920667	397330
8	2010-10-09T22:26:32Z	38.489439029	-122.4482703209	37563
8	2010-10-09T20:42:28Z	37.7954141	-122.2764857833	23445
8	2010-10-09T02:07:14Z	37.7854757333	-122.4165920667	397330
8	2010-10-07T20:25:51Z	37.78362605	-122.4175163167	59187
8	2010-10-07T08:01:23Z	37.7794153515	-122.4235334158	192704
8	2010-10-07T04:13:05Z	37.6006216167	-122.3821467	25172
8	2010-10-07T03:20:57Z	37.6163560649	-122.3861503601	19542
8	2010-10-06T20:51:33Z	40.645919692	-73.7779355049	17417
8	2010-10-06T20:23:14Z	40.6438845363	-73.7828063965	23261
8	2010-10-05T19:29:41Z	40.73850238	-74.00378865	164424
8	2010-10-05T06:39:15Z	40.7319546167	-73.9838675167	24785
8	2010-10-04T18:57:33Z	40.74137425	-73.9881052167	16907
9	2010-10-20T17:47:07Z	38.91192406	-94.76637089	3010334
9	2010-10-19T20:51:16Z	38.9250621134	-94.7280263901	39610
9	2010-10-16T00:18:21Z	38.8539840167	-94.7988357833	123529
9	2010-10-12T23:27:29Z	38.8964285833	-94.7545258833	114086
9	2010-10-09T22:35:51Z	38.9371493441	-94.6678634253	347561
9	2010-10-09T20:09:10Z	38.9520835646	-94.6667057276	679483
9	2010-10-09T12:23:24Z	38.863320833	-94.767589933	5202836
9	2010-10-08T00:07:51Z	38.8874843451	-94.8091745138	681876
9	2010-10-01T21:46:31Z	38.955692117	-94.68378735	4763543
9	2010-10-01T16:00:04Z	38.9205218059	-94.7605621185	181912
9	2010-09-29T17:31:06Z	38.9205273638	-94.7605599215	946587
9	2010-09-26T02:42:01Z	38.9080745551	-94.7675192356	26428
9	2010-09-26T00:24:33Z	38.9182195333	-94.6666872	93590
9	2010-09-24T23:42:54Z	38.9123118167	-94.77684245	22801
9	2010-09-23T17:46:51Z	38.9092832833	-94.77328885	42584
9	2010-09-22T20:14:57Z	38.9022293091	-94.7695054753	468694
9	2010-09-19T18:39:44Z	38.8520327201	-94.7459435463	1224567
9	2010-09-18T20:43:49Z	38.882953217	-94.803776117	4000492
9	2010-09-18T20:39:38Z	38.893089017	-94.79719135	4000282
9	2010-09-18T02:31:40Z	38.8874843451	-94.8091745138	681876
9	2010-09-17T17:55:12Z	38.9250621134	-94.7280263901	39610
9	2010-09-17T00:33:37Z	38.8874843451	-94.8091745138	681876
9	2010-09-14T20:56:05Z	38.891327183	-94.795457317	3731972
9	2010-09-13T18:13:57Z	38.9092832833	-94.77328885	42584
9	2010-09-13T00:44:46Z	38.9170364	-94.64805995	20444
9	2010-09-12T18:41:31Z	38.8990072949	-94.782088995	435082
9	2010-09-12T00:59:27Z	39.12680145	-94.82781545	77086
9	2010-09-11T15:05:36Z	38.882142817	-94.8145309	3515212
9	2010-09-11T01:53:59Z	38.8831878833	-94.7570697333	415541
9	2010-09-11T00:28:59Z	38.934693546	-94.6297931671	19224
9	2010-09-08T20:21:47Z	38.9022293091	-94.7695054753	468694
9	2010-09-08T02:54:58Z	38.8990072949	-94.782088995	435082
9	2010-09-05T00:04:34Z	38.91346615	-94.76175245	25298
9	2010-09-04T22:20:23Z	38.9633386333	-94.6704142833	35725
9	2010-09-03T23:05:18Z	38.8798850167	-94.7616446167	36243
9	2010-09-03T18:13:30Z	38.91192406	-94.76637089	3010334
9	2010-08-29T23:07:32Z	38.9122162167	-94.76002395	54960
9	2010-08-29T20:05:13Z	38.8520327201	-94.7459435463	1224567
9	2010-08-29T02:17:01Z	38.9145818167	-94.7621652167	94442
9	2010-08-29T01:08:08Z	39.12606735	-94.8260902333	23250
9	2010-08-28T23:25:28Z	39.12680145	-94.82781545	77086
9	2010-08-28T21:44:03Z	39.1246325667	-94.82088775	38120
9	2010-08-28T21:05:00Z	38.9109715	-94.7607223167	446901
9	2010-08-28T19:31:51Z	38.91240423	-94.76677566	2655570
9	2010-08-28T17:54:39Z	38.9116310095	-94.6376895905	31230
9	2010-08-28T16:32:22Z	38.9101431	-94.6741335833	95235
9	2010-08-28T00:23:02Z	38.911478883	-94.764435017	2586448
9	2010-08-27T23:51:51Z	38.9119148503	-94.7649121284	230149
9	2010-08-27T22:27:41Z	38.9344349833	-94.6295548833	22678
9	2010-08-27T21:58:54Z	38.92693948	-94.72390049	2579045
9	2010-08-26T23:31:24Z	38.8987741	-94.7641905333	125019
9	2010-08-25T20:21:57Z	38.9022293091	-94.7695054753	468694
9	2010-08-25T17:43:23Z	38.908067	-94.768032	2215781
9	2010-08-25T00:45:32Z	38.8874843451	-94.8091745138	681876
9	2010-08-23T01:10:19Z	38.8958371333	-94.76698205	526289
9	2010-08-20T00:00:34Z	39.0388743	-94.3559235	139931
9	2010-08-17T15:18:11Z	38.9205273638	-94.7605599215	946587
9	2010-08-15T01:54:41Z	38.90608149	-94.68557053	1805152
9	2010-08-15T01:15:21Z	38.9633386333	-94.6704142833	35725
9	2010-08-15T00:25:59Z	38.9136929667	-94.6405516833	27707
9	2010-08-14T22:08:04Z	38.910337015	-94.7624659538	403326
9	2010-08-14T20:59:15Z	38.910662603	-94.7645258904	139625
9	2010-08-14T00:20:08Z	38.91234694	-94.764646988	1548858
9	2010-08-12T22:31:04Z	38.9117269	-94.759369	17945
9	2010-08-11T21:07:21Z	38.8955898333	-94.7617198	18924
9	2010-08-07T23:52:58Z	38.9132819	-94.7941638667	206363
9	2010-08-05T19:39:44Z	38.9250621134	-94.7280263901	39610
9	2010-08-03T19:23:47Z	38.9046431591	-94.7620153427	1042143
9	2010-08-02T01:27:45Z	38.9371493441	-94.6678634253	347561
9	2010-08-01T23:39:35Z	38.91471225	-94.7660194	42525
9	2010-08-01T17:31:08Z	38.9122162167	-94.76002395	54960
9	2010-08-01T01:30:20Z	38.877300683	-94.820819467	1538315
9	2010-08-01T01:05:39Z	38.9147092167	-94.7627805333	266381
9	2010-07-31T21:05:03Z	39.0581544261	-94.475158453	616034
9	2010-07-31T17:55:00Z	39.0555642667	-94.5148900833	224156
9	2010-07-31T16:58:10Z	38.88330965	-94.7737411333	26384
9	2010-07-30T23:49:12Z	38.8665154833	-94.8404331333	655612
9	2010-07-30T00:24:26Z	38.91346615	-94.76175245	25298
9	2010-07-27T21:30:09Z	38.8874843451	-94.8091745138	681876
9	2010-07-27T19:38:02Z	38.9022293091	-94.7695054753	468694
9	2010-07-27T18:33:26Z	38.8987741	-94.7641905333	125019
9	2010-07-26T22:04:21Z	38.8955898333	-94.7617198	18924
9	2010-07-26T20:45:15Z	38.9132171641	-94.7640806437	462122
9	2010-07-25T20:20:52Z	38.9069266005	-94.6714049578	62801
9	2010-07-24T00:00:17Z	38.8990072949	-94.782088995	435082
9	2010-07-20T21:24:38Z	38.8810119943	-94.8171005354	292417
9	2010-07-20T14:50:29Z	38.8818755	-94.795801917	1337167
9	2010-07-19T20:50:26Z	38.910662603	-94.7645258904	139625
9	2010-07-19T20:36:40Z	38.9102618792	-94.7619187832	75841
9	2010-07-19T20:02:39Z	38.9141771878	-94.763828516	81199
9	2010-07-19T18:34:53Z	38.8518753109	-94.8162152635	286522
9	2010-07-18T02:34:42Z	38.9103609833	-94.7660004	533458
9	2010-07-18T01:21:54Z	38.8939502833	-94.7627589667	39674
9	2010-07-17T21:56:05Z	38.9633386333	-94.6704142833	35725
9	2010-07-17T20:41:45Z	39.044681891	-94.5809930563	9210
9	2010-07-17T19:19:05Z	38.9099696833	-94.7587859631	146692
9	2010-07-17T01:14:51Z	38.8798850167	-94.7616446167	36243
9	2010-07-16T21:23:21Z	38.9582652	-94.73318925	171239
9	2010-07-15T21:14:43Z	38.8955898333	-94.7617198	18924
9	2010-07-14T14:45:04Z	38.8990072949	-94.782088995	435082
9	2010-07-13T20:46:30Z	38.8810119943	-94.8171005354	292417
9	2010-07-13T20:37:28Z	38.8834899755	-94.8192121183	208404
9	2010-07-12T17:49:18Z	38.8810119943	-94.8171005354	292417
9	2010-07-11T23:47:39Z	38.9132819	-94.7941638667	206363
9	2010-07-09T01:14:10Z	38.91346615	-94.76175245	25298
9	2010-07-06T21:18:42Z	38.910662603	-94.7645258904	139625
9	2010-07-05T06:49:46Z	38.8990072949	-94.782088995	435082
9	2010-07-05T01:31:17Z	38.85517715	-94.8272252	1388819
9	2010-07-05T00:47:59Z	38.8581568771	-94.8207879066	45683
9	2010-07-04T02:03:21Z	38.8990072949	-94.782088995	435082
9	2010-07-03T23:38:56Z	38.910662603	-94.7645258904	139625
9	2010-07-01T22:41:38Z	38.9080745551	-94.7675192356	26428
9	2010-07-01T14:38:55Z	38.9205218059	-94.7605621185	181912
9	2010-06-29T17:40:19Z	38.9092832833	-94.77328885	42584
9	2010-06-28T19:18:47Z	38.910337015	-94.7624659538	403326
9	2010-06-28T02:14:52Z	38.8990072949	-94.782088995	435082
9	2010-06-26T23:00:52Z	39.0007030833	-94.5776510167	9002
9	2010-06-26T01:54:14Z	38.8939502833	-94.7627589667	39674
9	2010-06-26T00:53:01Z	38.8832829565	-94.6826756001	125378
9	2010-06-25T03:18:36Z	38.9123118167	-94.77684245	22801
9	2010-06-24T23:13:20Z	39.0581544261	-94.475158453	616034
9	2010-06-24T14:30:05Z	38.9205218059	-94.7605621185	181912
9	2010-06-24T02:08:31Z	38.9103609833	-94.7660004	533458
9	2010-06-23T22:16:00Z	38.9371493441	-94.6678634253	347561
9	2010-06-23T17:33:12Z	38.9131799833	-94.765557	319827
9	2010-06-23T00:23:02Z	38.882612233	-94.781550683	1324128
9	2010-06-23T00:15:57Z	38.88516205	-94.78654706	1324105
9	2010-06-22T23:59:24Z	38.8791074333	-94.7603786333	66508
9	2010-06-22T02:18:55Z	38.9268541667	-94.7429092667	39995
9	2010-06-20T23:32:07Z	38.8990072949	-94.782088995	435082
9	2010-06-20T20:28:23Z	38.910662603	-94.7645258904	139625
9	2010-06-20T19:56:46Z	38.885020783	-94.759336367	1231827
9	2010-06-20T18:52:14Z	38.9441707	-94.8499828333	826115
9	2010-06-20T18:29:40Z	38.9205273638	-94.7605599215	946587
9	2010-06-20T17:22:36Z	38.9122162167	-94.76002395	54960
9	2010-06-20T02:52:01Z	38.8832589333	-94.7807334667	42004
9	2010-06-20T01:05:32Z	38.8939502833	-94.7627589667	39674
9	2010-06-19T01:07:52Z	38.910662603	-94.7645258904	139625
9	2010-06-19T00:46:05Z	38.8928101333	-94.7648836	20943
9	2010-06-18T23:09:28Z	38.8798850167	-94.7616446167	36243
9	2010-06-18T14:17:00Z	38.8962188167	-94.7973440833	49115
9	2010-06-17T23:33:39Z	38.9132819	-94.7941638667	206363
9	2010-06-17T17:37:28Z	38.9100615333	-94.7615622833	31251
9	2010-06-16T14:30:58Z	38.9205218059	-94.7605621185	181912
9	2010-06-14T20:36:56Z	38.9205273638	-94.7605599215	946587
9	2010-06-14T00:39:31Z	38.8990072949	-94.782088995	435082
9	2010-06-11T17:14:44Z	38.9133054	-94.7652730167	47863
9	2010-06-07T22:11:52Z	38.910662603	-94.7645258904	139625
9	2010-06-06T22:38:44Z	39.01468165	-94.5900317667	62876
9	2010-06-06T02:19:07Z	38.8832589333	-94.7807334667	42004